image_width: 640
image_height: 640
camera_name: narrow_stereo
camera_matrix:
  rows: 3
  cols: 3
  data: [714.68006,   0.     , 318.40469,
           0.     , 714.69697, 329.04127,
           0.     ,   0.     ,   1.     ]
distortion_model: plumb_bob
distortion_coefficients:
  rows: 1
  cols: 5
  data: [-0.096785, 0.088554, -0.001852, 0.000888, 0.000000]
rectification_matrix:
  rows: 3
  cols: 3
  data: [1., 0., 0.,
         0., 1., 0.,
         0., 0., 1.]
projection_matrix:
  rows: 3
  cols: 4
  data: [702.00177,   0.     , 318.26994,   0.     ,
           0.     , 702.07404, 327.91957,   0.     ,
           0.     ,   0.     ,   1.     ,   0.     ]
